4294967294,0
4294967278,76
4294967294,7
4294967279,135
4294967278,135
4294967279,134
4294967278,134
4294967279,133
4294967278,337
4294967279,268
4294967279,282
4294967278,275
4294967294,1016
4294967294,27
4294967279,277
4294967279,520
4294967278,69
4294967278,68
4294967279,264
4294967278,267
4294967279,261
4294967278,265
4294967279,275
4294967278,333
4294967279,258
4294967278,264
4294967278,66
4294967278,278
4294967278,57
4294967278,55
4294967278,54
4294967279,38
4294967279,37
4294967279,32
4294967279,27
4294967279,2
4294967279,260
4294967279,519
4294967279,516
4294967278,257
4294967279,514
4294967279,513
4294967278,329
4294967279,512
4294967278,328
4294967279,319
4294967294,471
4294967278,326
4294967279,565
4294967278,325
4294967279,318
4294967278,323
4294967294,93
4294967294,95
4294967294,22
4294967294,17
4294967294,67
4294967294,41
4294967294,436
4294967294,51
4294967294,25
4294967294,473
4294967294,1018
4294967294,26
4294967278,254
4294967294,46
4294967279,316
4294967294,6
4294967279,250
4294967294,1092
4294967294,1091
4294967294,1089
4294967294,1088
4294967294,1014
4294967294,1013
4294967294,1012
4294967294,1011
4294967294,1009
4294967294,1007
4294967294,1006
4294967294,1002
4294967294,997
4294967278,253
4294967279,249
4294967278,250
4294967294,82
4294967294,83
4294967294,68
0,5
4294967293,131
4294967293,130
4294967293,129
4294967293,128
4294967293,127
4294967293,126
4294967293,125
4294967293,124
4294967293,123
4294967293,122
4294967293,121
4294967293,120
4294967293,119
4294967293,118
4294967293,117
4294967293,116
4294967293,115
4294967293,114
4294967293,113
4294967293,112
4294967293,111
4294967293,110
4294967293,109
4294967293,108
4294967293,107
4294967293,106
4294967293,105
4294967293,104
4294967293,103
4294967293,102
4294967293,101
4294967293,100
4294967293,99
4294967293,98
4294967293,97
4294967293,96
4294967293,95
4294967293,94
4294967293,93
4294967293,92
4294967293,91
4294967293,90
4294967293,89
4294967293,87
4294967293,86
4294967293,85
4294967293,84
4294967293,83
4294967293,82
4294967293,81
4294967293,80
4294967293,79
4294967293,78
4294967293,77
4294967293,76
4294967293,75
4294967293,74
4294967293,73
4294967293,72
4294967293,71
4294967293,70
4294967293,69
4294967293,68
4294967293,67
4294967293,66
4294967293,65
4294967293,64
4294967293,63
4294967293,62
4294967293,61
4294967293,60
4294967293,59
4294967293,58
4294967293,57
4294967293,56
4294967293,55
4294967293,54
4294967293,53
4294967293,52
4294967293,51
4294967293,50
4294967293,49
4294967293,48
4294967293,47
4294967293,46
4294967293,45
4294967293,44
4294967293,43
4294967293,42
4294967293,41
4294967293,40
4294967293,39
4294967293,38
4294967293,37
4294967293,36
4294967293,35
4294967293,34
4294967293,33
4294967293,32
4294967293,31
4294967293,30
4294967293,29
4294967293,28
4294967293,27
4294967293,26
4294967293,25
4294967293,24
4294967293,23
4294967293,22
4294967293,21
4294967293,20
4294967293,19
4294967293,18
4294967293,17
4294967293,16
4294967293,15
4294967293,14
4294967293,13
4294967293,12
4294967293,11
4294967293,10
4294967293,9
4294967293,8
4294967293,7
4294967293,6
4294967293,5
4294967293,4
4294967293,3
4294967279,174
4294967279,103
4294967279,101
4294967279,99
4294967279,98
4294967279,96
4294967279,95
4294967279,94
4294967279,93
4294967279,89
4294967279,86
4294967279,85
4294967279,84
4294967279,83
4294967279,81
4294967279,80
4294967279,79
4294967279,78
4294967279,77
4294967279,76
4294967279,75
4294967279,74
4294967279,73
4294967279,72
4294967279,71
4294967279,70
4294967279,69
4294967279,68
4294967279,67
4294967279,66
4294967279,65
4294967279,64
4294967279,63
4294967279,62
4294967279,61
4294967279,248
4294967278,248
4294967279,247
4294967278,246
4294967294,1094
4294967294,1090
4294967294,1015
4294967294,1004
4294967294,999
4294967294,998
4294967294,996
4294967294,401
4294967294,182
4294967294,163
4294967294,161
4294967279,244
4294967278,242
4294967278,241
4294967279,107
4294967279,240
4294967278,239
4294967279,237
4294967279,314
4294967278,321
4294967279,236
4294967278,236
4294967294,475
4294967279,235
4294967279,233
4294967278,232
4294967278,230
4294967279,230
4294967279,223
43,6
4294967279,227
43,5
43,4
4294967279,225
43,3
43,2
43,1
4294967279,224
4294967279,106
4294967279,222
4294967278,221
4294967279,105
4294967279,220
4294967278,219
4294967279,104
4294967279,218
4294967279,215
4294967278,215
4294967279,102
4294967279,313
4294967279,214
4294967279,213
4294967279,212
4294967279,564
4294967279,100
4294967278,319
4294967279,209
4294967279,211
4294967279,210
4294967279,563
4294967279,97
4294967279,208
4294967279,207
4294967278,374
4294967279,206
4294967294,474
4294967279,205
4294967279,92
4294967279,82
4294967279,562
4294967279,91
4294967278,373
4294967279,561
